------------------------------
111111111111111111111111111111
1. get_numbers()
------------------------------
[23, 3, 6, 5, 12, 9, 7, 4] => [23, 5, 7]

[87, 77, 49, 21, 4, 80, 51] => [77, 49]

[9, 30, 27, 36] => []

[] => []
------------------------------
222222222222222222222222222222
2. get_funny_average()
------------------------------
1.  [3, 12, 0, 25, 1] => 8
2.  [-6, -32, 2, 0, -51, 1, 0, 0] => -12
3.  [56, 0, 2, 0, 22] => 22
4.  [-56, -3, 0, -21, 0, 6, 5] => -6
------------------------------
333333333333333333333333333333
3. get_fail_pass_average()
------------------------------
1. (33, 64)
2. (-1, 81)
3. (26, -1)
4. (0, 67)
------------------------------
444444444444444444444444444444
4. get_every_third_even_element()
------------------------------
[23, 12, 6, 5, 8, 9, 7, 4]  =>  [4, 8, 12]

[22, 3, 6, 5, 12, 9, 7, 4]  =>  [4, 12]

[4]  =>  [4]

[24, 3, 6, 5, 12, 0, 7, 4, 8, 8, 2, 1]  =>  [8, 0, 6]
------------------------------
555555555555555555555555555555
5. get_sequencial_nums_sums()
------------------------------
[3, 3, 2, 3, 4, 3] => [6, 5, 7]

[1, 2, 3, 4, 5, 6, 7, 8, 9] => [3, 7, 11, 15, 9]

[3] => [3]
------------------------------
666666666666666666666666666666
6. remove_triplets()
------------------------------
[6, 6, 6, 7, 6, 6, 6, 3, 3, 3, 8, 8, 8, 3] => [7, 3]

[6, 6, 6, 7, 6, 6, 6, 6, 6] => [7, 6, 6]

[6, 6, 6] => []

[1, 1, 1, 1] => [1]
------------------------------
777777777777777777777777777777
7. is_a_valid_date()
------------------------------
1. True
2. False
3. False
4. False
5. False
6. False
7. False
------------------------------
888888888888888888888888888888
8. get_dice_score()
------------------------------
1: 0
2: 2
3: 21
4: 19
5: 37
6: 0
